2211847
434184
19079177
36790283
2211852
2007052
4268046
2736145
4235282
2105366
3022871
4177944
2744345
2768923
4309020
434204
4153373
19062817
4120610
40173602
196653
4218936
4309050
40173627
2211903
36782144
2211906
40484933
44499013
4079687
40484935
2744391
442442
2211912
2777160
4325452
4014159
2000003152
40050771
43712606
4186208
2744417
2777190
2105447
2744425
254062
2000003183
19054702
2769006
2744431
778357
43016310
35225721
2760826
2211963
196732
1237116
4227194
909440
4276354
376963
2211977
4161682
40239250
40140947
1327256
4096152
73884
2744481
2212002
4137127
2212011
3006636
3006638
3031215
1237168
2760881
2744499
36520118
1736887
4038841
1736890
40493243
196796
1736892
2760893
2752706
1704139
442574
4243665
2769105
2212050
2212054
4022489
4022493
4210912
434402
19054821
19054823
19038440
442604
434413
19022063
3023091
40124661
1704187
46235907
778504
42901769
2105611
4088076
1237261
4030731
4047120
975125
2769176
2000003353
43016474
4014368
2769185
40747299
590125
2769198
36716848
319793
2793776
2769202
2769205
4301111
2793788
3023166
2793792
4309315
1589573
2769222
4055370
4276560
434512
2000027992
19022171
2777438
4186463
2000036197
1311078
40182120
2000003433
4079978
35602795
2736490
2000003437
3023211
254320
40493424
2105712
2212214
2752888
2000003450
40223098
2000003456
1311105
2000003458
2769283
2000003460
3015042
46236042
40223115
2785675
377229
1728910
35201423
1728909
2728334
2752914
2834836
2752917
2736536
3015064
197018
21127579
434592
1335712
2105760
19079590
40165805
2105773
2105775
36716978
434615
377272
44507580
44507582
2007487
377280
377283
2000003525
2000003527
434632
377291
2105803
4186572
36880846
2212302
2212304
2785747
3006932
2728405
704984
139737
4104668
197084
704990
4235753
19128810
40223210
36717036
1139179
2785769
3023339
3006957
434675
2105843
2753012
4153845
45892088
2785791
2785797
3015174
40026633
2769417
40993294
197136
909841
778770
2753040
4170260
2785811
2769430
2744855
3006999
901659
4301344
19079714
442915
19079715
1360421
2105897
44507695
35602991
35602994
4244020
44507700
2769461
44499511
2769463
3047989
4022838
3007033
2744892
2105917
2736702
2728511
43532864
4276801
2785858
43016772
434762
434764
2785872
2105938
2728534
44802662
2777705
4055657
2777708
4244078
2769518
2777714
4129395
2753141
3031671
2736762
4129406
3015302
434824
36676233
46236303
43016848
46236306
40166037
19022487
19079834
43532956
4055709
434854
43532970
434859
2785964
4014766
1311409
35226292
2769596
2728642
4055748
2000003781
4162246
4129479
2745030
434889
377546
4022980
40231628
4022981
40231630
377555
4285139
443091
1344212
901845
40239828
44507865
45892313
2212565
4072152
36717277
434910
36717279
4195039
4301539
40764134
2777834
443115
2212600
2777853
35603200
4096769
2786051
2777868
42869528
140057
3023643
4014887
2769704
4137770
2769708
2769713
4154164
3015479
3007288
43017017
2745146
4162364
4105026
435022
40231761
4121425
45769564
443231
1344354
2753379
4039526
2728808
19129195
2212716
19022701
2007921
443252
19104630
19112824
40231802
4170620
443268
40231812
19096455
4170633
40231818
2786192
435089
443282
2212761
45892506
40174490
435101
2000003998
4195231
43017119
4252581
40166310
2753445
35611566
4047791
4219823
2786223
3031987
2761654
2000036791
2007991
40166330
2745274
2212799
2745283
46236611
35603400
44499914
435150
4006867
2008022
1541079
40166362
2106331
3048411
2778077
2745311
2794466
43017188
44032999
2794471
3023854
2769904
435186
377845
45892599
45892603
2728955
2106363
377855
40240131
377862
2008070
377868
2737169
2008083
435227
3015707
197667
4203556
2008105
19080244
1311799
40240187
21095486
443455
19080257
4310083
36717640
40223819
4244555
2106445
2769997
2106447
4146256
2106451
2778207
40485986
3007590
4097128
45769832
2212973
2761849
2106490
4220029
4064381
255105
4211842
2000036998
2106502
443528
2106503
35603595
3048589
2000015
443540
443541
40223893
4269209
443551
4269221
443557
2786474
197803
2745520
435378
19096754
1713332
2008243
2106547
2106551
2753720
2753725
2753727
2000065
2786500
3007687
2761928
443593
2786515
4039892
435416
2000004314
2008284
1336541
2000094
2106590
45892833
2000037089
4130020
36676837
2753764
2729189
140520
2753768
2106604
443631
2729201
35603698
2753781
19014903
2729207
19014907
2753787
46269695
2753792
2213119
4269314
4097283
44500237
19072269
2761998
2753810
4007187
4334868
4007188
45892886
2106647
43017496
140570
75035
3007770
40166691
19072293
2778411
4179244
4138285
40166700
1353011
435509
3048757
443703
435514
40232252
40240449
40928582
2000198
255304
2786633
312653
435537
2000209
2753875
443738
2000220
4015455
19023200
2786656
3040608
2786659
4326757
19080550
435563
4056428
45892974
2753903
4130162
42902898
2753911
40035704
46269818
198010
435579
19080571
2106746
2786686
2745733
4228486
3016072
140681
3040650
46269835
46269836
2000004493
2000004494
4187533
2106765
2106769
2213258
46269844
45893014
2753943
46269848
378265
2737567
36881824
1836449
2753956
21112229
43017638
42894759
4146598
4171179
4326828
1762734
1762736
40175024
40166834
46269875
2786740
4326837
35603894
35603895
35603900
435646
40027584
198082
2753986
2753988
4031941
3016133
2753999
2754000
40052178
2754003
3007956
443867
443870
2000004575
919010
40224227
2213346
44500460
2000370
40232439
2106871
4007425
4146689
2106882
2106883
2000388
2106885
2106886
2106884
40224265
2745864
43525643
1000979
40224277
4113942
2786843
44500508
2106908
2754081
42903074
2213420
42927662
198192
3049010
40756789
43148859
19080763
2745915
2754109
4335169
902722
3024449
75337
2000458
902735
19105360
3016273
1189459
2737750
435799
40756824
2754136
35604059
132702
2745950
2000480
40183393
312940
2000500
2000504
75385
2000004730
2754169
40756856
40756863
435840
2737791
2107011
2754188
2729612
75407
40224403
2107027
2213525
902806
2107029
4155032
3024536
2754204
2754205
2213534
2000004775
40756908
140976
40765105
444084
3016375
35604152
2737848
40756921
4040379
2213562
4040385
4105921
4024005
40756934
19023559
40756941
37111502
4122317
3024592
40756946
43017939
435931
132832
435937
132834
3049187
40486629
2778853
2754283
1337068
1337070
4007662
2746101
3041014
40756983
40756985
2787070
2000004863
3000062
35604225
2000647
35604232
40756999
3049227
3049229
35604238
1337103
2754319
35604241
2746128
35604244
2778901
4220695
444188
2778911
444192
3024674
2000004901
4335399
42870572
40757041
4163378
4081461
2746172
2000004925
2787135
1730370
40175427
436039
436040
2000004938
2754383
2754384
198488
444249
4302686
40757086
2787168
436067
40175462
2787177
436076
40757100
436079
2787184
40757105
2738036
40757109
40757115
2738046
40757122
919427
2779014
2729866
378763
2746252
1001358
40241038
40757135
2779026
4007829
40241046
2787227
3024796
141213
1001381
2729893
2770853
46270382
40175534
436145
40175537
4073393
2738106
4106172
2754494
46270400
19130305
1312706
2738112
46270404
1312708
4179911
43526089
993230
2762702
2754512
4179928
46270426
2762716
321502
378849
1763297
2000868
1755112
4098034
3041268
1304565
4016121
444410
444413
19073023
44500994
2746374
4294664
2746383
2000005137
46221329
40167447
436248
40241178
19122203
3041307
19073060
19122220
4327469
19064880
40044592
2754609
141370
141372
436285
3049535
40241219
1304647
4032586
45770827
2738252
3049547
2107473
4163667
2730067
2107477
2107478
2107481
141405
43018333
714851
1714277
1714278
1714279
2762853
2107496
40757349
2000037996
2001007
4155504
3016816
2779251
436342
2762871
2107514
2107515
3025023
2746497
40167554
1714307
40167556
2107521
43018372
3000453
2754699
3033229
198798
2107535
4098192
2746513
2000005275
75932
2000005276
2746523
2754715
2746527
40175779
2746531
75943
436392
2000005289
46221483
2746541
3041457
436403
42535099
1304768
1304769
1304770
46221507
2762946
2762948
2779334
46221511
2762952
2779340
2746575
2779346
4221139
1304793
3016921
2746591
927971
36784355
4016358
3000551
2746600
19114219
4016364
36784369
4327669
40986870
40102137
19065085
46221566
46221573
2730246
4311304
2754824
2771211
4098316
2738444
2754834
2001176
44501273
4032801
19122473
4098346
40241455
35604787
3033396
46270777
133436
436540
26942
4237630
3041597
4180290
436549
2738501
2738506
2738507
2738508
40241488
43526482
2107733
2107735
40020313
321882
2738524
4090205
2738526
2001248
4344161
4065635
4311405
19057006
19057007
2730350
2107761
4172146
2000005498
2000005499
2730362
2779517
2746750
2000005503
2779519
2000005505
2001280
2730368
3033477
2779533
46270863
2771344
2779538
4057494
19122582
2746774
2107801
993690
4262296
4016540
2001311
2771359
2779553
3025313
3017126
4000167
4016551
2763176
4032939
436651
2746795
1313200
4270512
2001329
2779572
2779573
2779574
2779579
4311484
133569
2771393
4098501
4221394
133593
2001371
4049372
2787804
2001380
3041768
2787817
2787818
76273
40233458
40241651
46287349
46287354
2107903
2107906
2787845
4262407
1436169
977421
133646
41142800
3050001
133650
2746899
2787864
2001433
2746909
40487455
903711
2738720
977442
2787872
2001454
4041263
4246066
19098164
42707508
3033654
2107965
4139587
4008519
4008520
4147787
46287435
436817
46287451
3050079
1387104
3009121
46271074
40184420
436840
133737
46287466
40168050
3050099
2746998
141944
2779774
35605123
40487557
46287495
40168072
40766087
2771595
45771408
2804372
2108053
4172438
2747029
3041942
4319897
4123290
2747034
2108059
2108061
2001566
2763423
2001567
2771614
133794
4041379
436900
2763428
4246187
4295340
41298609
4262578
76467
2747057
2763446
42707641
436922
2738874
3009210
36203194
4262590
2788031
2747073
2779842
2763461
40168134
2755275
40168140
4065997
4057804
2000005841
256723
2763475
1518293
76503
43715290
2738906
2763482
2788066
2738915
3025634
2763494
2108136
2108137
3050218
3025643
4139758
2747123
2755315
19057397
2755317
2738937
2730746
2788098
2763523
781063
2747151
2738966
3001111
953112
2788126
2747166
4213540
3017509
2747174
3025705
2788140
4270897
40241969
2108209
4016949
42535737
44804922
44804924
2108225
2722626
437060
2108229
2108231
2722632
781130
44501835
133965
2747218
40766290
2730836
3017556
19073878
1551193
2730841
42543967
2779999
4057953
1395557
4279142
4221797
2739056
2771825
2108275
40479606
2108279
4213628
2771842
4049797
2722694
2747271
19098505
2108305
2788242
2755475
40487828
3042194
2108311
2780055
4074393
1518490
2780057
2747291
2780063
19057568
2108322
4017058
44788645
379814
4017061
379819
1715117
41143218
19057592
37497785
2747322
2616252
40479678
2747327
2780096
40168385
3042240
40168387
42511304
3017675
42511308
2108366
19123151
2108368
2108371
2000006101
19057624
2108383
2780128
46271459
134117
2780138
2780139
35605489
35605490
4213749
2108406
2108407
40233977
2108409
3017721
45763583
40184831
19123202
3017730
40225808
2755604
35605539
3017768
2108458
4221998
43559983
42511412
42511413
42511420
4058173
19016769
1125443
4041799
4181064
1125448
4066382
4303951
44502095
2108497
2722898
2722899
21154911
40029281
42511463
2747503
2722929
2747506
19057780
4172917
2788469
41143416
35605627
42708092
19057790
35605637
35605641
35605642
2788494
4148369
2747538
4058265
2755738
2755737
4279461
45763750
45763749
2780328
2788521
41045163
4222126
2108591
45763761
2108599
19115193
2755770
2780353
45763778
4009155
45763780
2755779
4017345
2780359
2780360
2755784
42708170
1592530
928980
19131607
36883672
42708190
4123872
4173025
2108640
36883686
2002150
314600
4058349
19123437
929005
35605744
4205809
2755826
45763827
45763828
35605747
2755832
437501
4197631
4279552
4058370
45763849
257293
2002190
437523
4295956
2108696
437529
36785435
4295965
40242471
2739500
2764084
2788662
3018039
2108728
4132152
437562
45772090
4246844
134461
4246848
2780483
40480068
4189508
2764102
2764103
36203848
36203849
3009873
21491030
4263258
2108762
40766814
904545
2780516
4214122
21024107
2788715
3001709
3026286
36556144
2788723
35605877
4328822
2788725
2739574
42478969
2723192
3018105
2780541
40185215
4156806
19123591
2313608
1797513
2313609
2108811
3026314
4140438
40177047
4107670
2723226
4083100
2108829
2313631
19074464
2747809
3009956
2108838
19099050
19058100
40955317
2108853
2108855
2108857
437690
19074491
42708412
2788796
4206013
4255161
2723265
1740226
4255169
19025348
2108875
46271951
2108881
2764251
200160
2108896
2108898
2723300
2108900
2313701
19131880
2100713
2100714
40930795
437744
2764276
19074551
2002423
2739707
2756094
19066370
437763
2000023043
2108937
19058191
2108943
2723346
2739732
4156949
2100757
2747926
44789268
2108953
2747937
2108962
4066853
42708518
40955431
2739749
2723367
4001322
257583
4001334
42511928
2756156
43560510
43560511
2756158
2100800
4329022
4230724
2108998
2723400
40226378
1560139
134734
2109008
437841
2100818
2109014
2747991
2100824
437850
314971
2109018
2109020
437854
380510
3010143
1338985
2100844
2109037
19074672
2756210
4312691
2002548
2788981
2109046
2756215
2748022
2739831
2739833
978556
4066941
2109054
42708607
2109055
2100876
2313868
437903
2109079
2739863
42733209
2109082
2789017
3034780
437922
2109093
2723493
36204197
4083371
2313899
2313900
2002605
2109103
2780849
437943
19058360
2109115
2731707
315069
2313915
2002622
4214463
2109120
3002051
4058821
2313926
2756296
2748104
2109130
2109131
2756300
3043016
2313936
40480467
2780887
2100953
2109146
257755
2109147
4337373
3026649
43011807
3034843
2109153
2109154
3043036
43527908
4132581
2109157
1707751
2000023267
2002665
192239
2780911
43527920
192242
43527922
2739955
380661
43527923
200440
4017913
2313978
2109182
192255
2109184
3043072
40480515
2789127
2789129
2313999
4026131
192275
40062739
2109204
2314013
2854686
2109219
2109220
2314021
40029992
4198185
2314024
2002730
2780972
2789167
438064
438068
43011893
43527990
2789178
2314043
40169279
1593152
2314048
4042563
2748230
77640
438089
200524
43528016
2109266
2731861
2731863
19074905
40234842
43011929
2740057
2748249
43011934
43528029
2731872
3018590
438114
40169316
2748260
929638
929639
3002212
192361
192362
36892521
42708841
4058989
43528042
43011952
2314098
438133
372599
2789241
19132282
4116347
4247419
4206459
2109312
3035015
438152
1511304
40169352
19058572
4280205
3002253
2000023438
2000023439
44068753
2000023440
2109332
3018646
372633
372635
4280225
438178
1118115
44068773
372646
4222885
44502956
2109356
19124146
2314165
2781113
2781115
2764732
3002299
2723774
19075010
2723786
4337611
4337612
2756556
1503184
2764753
2109394
2723795
2109397
1585114
4313056
4100065
4083686
2109419
2109420
1748975
2789360
42962932
40071162
40243195
19058684
438268
2314240
42962948
2002948
905223
4231178
4042762
905230
2732048
2314259
4050964
2314260
2002970
45887519
2109474
2109475
2109477
2109478
2109479
4247597
725040
700465
3010610
987189
3018808
380986
2756668
4132926
2003011
2000031813
2000031815
2000031818
438350
700494
700496
2000031825
700498
42537043
2000031827
3010645
2314326
2314327
2000031832
2748502
4288601
929887
2756704
42799201
2314338
2000031844
19124325
2756708
28779
1314924
2109551
2781295
2000023663
2000023664
2756723
2000023665
2000023667
3002482
2000023673
725114
2000023674
4239484
2748543
438405
2756742
42479758
40161422
2109588
2109589
2109592
43020442
2109594
3043483
1126557
192670
43020446
2773151
43020449
4059298
40022178
929955
40226979
2109599
43020455
19124392
35606695
1560746
2109604
42873007
2109619
2003125
4042934
438456
2109626
2748605
4198590
78015
135360
19124417
798914
2109635
4051140
43020485
1560772
4239558
4198598
4198601
200906
200907
2732235
2003148
44814542
44814544
4174033
4067539
40235220
4264149
44814552
2748633
2109660
1511646
2789600
45773025
2003169
2109667
4337893
2109669
4165868
2732268
192753
2756849
40227064
192763
1724667
1388798
1388799
1388800
2765060
3043590
45773064
2724104
40227085
2765069
40227087
4010257
2109717
438555
938268
2765088
2765089
1503525
42709286
2748716
4305197
19075376
19075379
2773299
42897720
4059452
19059006
135496
3035466
42709323
2773323
2756942
2756944
2101584
42873170
2724182
2756950
42537304
4198744
381282
36712806
41267558
44790124
19132782
4338031
2773361
4100469
2109819
45773180
45773181
40161662
40161664
438658
36712834
2109832
2773386
2101643
3002762
40169870
4182420
3010966
3027353
40481179
4018590
373151
3019171
2101671
4100520
2109870
4018612
2732469
373175
2101692
19108285
192958
2003389
78276
201157
19132870
2732487
373193
40169929
2732494
2732496
373216
40489446
4051432
40169960
2732523
19059180
40169968
4166130
2765304
4280828
4166140
4166143
2773511
2748942
2109968
19026450
4108819
2109970
19075605
3035666
3027476
42537496
19124764
40170013
2003484
2109981
4248094
2101794
2773539
2101795
2101804
4002349
42897966
4198960
3043889
37016114
4190771
4100657
381504
2110017
2773570
4297284
1593926
40481354
1593930
40481360
4207186
2749010
2749011
2003545
4256346
40481374
42799711
2740830
381537
4199009
2110050
42799716
42742373
21492326
42898024
4297321
1757803
381548
2110059
42742382
37016176
2110066
4174451
2110068
4043387
2740859
19059325
2101885
201345
438915
43643525
201350
4051595
2110093
2757265
4067987
2110100
4092565
193174
36713112
40243864
4182683
438941
46273183
438945
2757286
4051630
2732719
438962
19018419
2110130
3035826
2732728
2781881
2781883
2724542
2749118
4002498
2101956
2101957
2773702
1708748
2749132
1037006
4100815
1037007
1708750
2724557
2773708
42742486
135895
42742487
3027674
42742492
4133599
2101983
193249
2101984
2724579
19018468
4231908
2101987
3044072
3044076
2790125
2790126
373488
40481522
42709748
201461
37016308
19124986
586491
2003706
1102596
2765572
42742533
2724613
3044101
42537743
42742544
42742545
2003729
42873627
2765595
42873629
42742556
37016355
37016356
2102052
42873638
2781990
2741031
2741032
2102058
3011363
19125036
201517
1782573
4231983
45757232
42627887
258866
45757234
36893491
2765616
2765617
2110255
2765623
201529
42627897
4109116
2790205
2110272
2765633
2773825
42627912
193353
3003209
42627916
45757263
36893520
2757459
2757462
2749272
4002650
4240218
1790812
42627935
2732896
42627938
2102116
2757477
2000032615
2757480
4027241
2724717
4150128
42799986
2102134
44782455
439160
3044141
2749309
2757501
2724738
2757506
2757508
1381253
2110342
2749318
3019652
1381257
2757514
4035467
42627979
4281232
2003858
45757331
1307542
46273431
2102169
4150173
3044254
201633
19133346
258981
2110374
42800040
2110376
2757546
19059628
381869
381870
42800046
4289454
2765742
2110384
40989619
3011508
43013047
19010490
4166587
45757373
43021245
2110399
4223938
2110403
2724804
40489926
2102215
43021258
2110411
2110414
439248
439249
4125650
2110419
42628058
3011547
42628060
4264925
2724831
2003938
45757412
45757414
2790375
439272
4142060
78829
439278
78830
19076077
2724844
2110446
193523
2102258
201719
46273528
1717240
2000032759
3036152
19010556
201728
40481798
4289543
4207623
40481800
4166666
1594379
40039437
4199441
42710036
19010581
2110488
373786
201756
42710045
19026972
316447
40162335
4174877
19026980
2110500
2110502
2102316
4092973
2774062
1717297
2110514
3028018
2741302
42800184
2102332
193597
3019839
4314176
40481857
2102337
4084803
19018819
2102338
136262
4150341
2774089
19067979
4084811
2110542
2774095
439382
2110552
193625
3003480
3019869
4158563
2110563
2749544
2110570
4150378
3019891
1340532
4158582
2110583
439416
2102393
36885634
2749574
4191367
19010696
19027080
42628234
2110603
4035724
3044493
19133582
4232335
2765966
4174994
2765972
40088725
2102420
3028120
19133593
963742
44782755
37016740
2110627
40924326
2109600
40162472
2109601
3044525
19125424
2766003
2004148
3028150
3036343
2102457
2102459
3019965
4150471
42480839
2102478
3003603
4150489
3011802
373982
42480862
4035808
3028193
2102499
439525
2749671
2766056
2766057
35411179
42898673
2749681
2004210
2102513
40244470
40244474
19019005
2766078
201986
46257411
46257412
4117765
201990
2102532
4322568
46257417
2102538
42480911
955663
2110738
2766099
2741524
19076373
2741526
2110742
4306200
2110744
4142362
29979
2102554
2102556
46257438
19019042
40768804
2110759
40162603
2757933
2110767
2774320
1594674
46257458
36787508
2110773
2757941
19133751
46257463
40162618
46257467
2110779
2110780
46257469
2102595
2757958
45757772
2000024911
2004304
46257490
2741589
4150614
2774358
2110807
2110809
939359
2741600
4330850
2782567
40228203
46257517
963950
46257523
46257524
4109685
2110840
44504443
439676
2110844
2766206
42628479
2725248
2766210
46257543
46257549
42874258
2102677
4150681
3036571
40236446
3003809
42735013
2749862
3003816
4167085
2110899
4134325
4044215
439736
36533687
2774458
41080254
40482238
2766274
45766087
4306375
2766286
439763
2102739
2110931
43013590
2110937
2110938
1734107
1734108
44045788
3053018
42628575
4019677
2000025058
1750500
4109797
2102757
2102758
2110951
2110953
2110955
4224495
2102772
46257653
2749941
43013629
980478
42628606
3012096
19109377
4314634
19035661
46257680
3020304
19076628
194071
4134423
2766361
1308188
194077
40236574
4118045
19002912
2790944
2766369
2766370
2782757
2111021
2004527
2782771
2102837
4052536
2111038
3012158
2111041
374343
4208200
3003977
2102858
46274123
3044938
46274127
4175440
2741840
42628689
4126291
46257751
46257753
2111066
46257755
4011615
3020389
42620520
4068969
42620523
2750065
4044402
2725490
2111094
19043959
2111096
40482428
19076733
2782846
43021951
2111102
2111108
36714118
4208264
2111114
2111116
19043981
2766479
4003476
2111127
2102938
1111707
439966
194209
2004642
2774691
40482469
2111142
2111143
2102954
2111150
2111152
19125937
194229
4159157
3020475
2102972
2102973
2102974
3036864
2111169
2102981
4191942
3028679
2766543
19027666
40031956
40220375
2758359
2111191
2741976
2758363
2741979
2111197
2741982
44029663
440032
2111195
1152738
2111205
792295
2741991
964329
30442
36894442
2111214
2111218
2758387
43693812
440053
2111220
4208374
2742015
2766592
1152772
2742021
259852
22288
45774613
45774616
3053339
40220447
1718054
1718056
42628905
2783017
1718059
2774826
2783020
4085550
4233006
4331311
2414382
4142899
30515
35624757
792377
3036987
2791230
792383
2791238
440140
40482636
2103121
1341269
19117912
4200286
42628962
42628966
4110186
40220524
19011438
40220529
19027833
19027835
40220540
40220544
2103172
440207
40171408
4061074
19019666
44816282
19011484
440221
40220576
44816294
4175786
440236
40236976
19101620
3020727
4282301
718782
2725821
40744901
42899398
2725830
1169352
44816332
30678
42629082
30683
22492
40171485
42514400
44816353
19068900
940005
40171493
940004
44816356
2742244
2103279
3012592
440307
3012598
3004409
42899453
2103293
2000025599
2000025600
440323
2004997
4233224
37312520
440330
4134922
2005000
45774861
4077584
79889
45774864
37312531
44816400
42514454
42514457
194586
44816411
44816412
440351
4257824
4020255
40220708
2775080
42514473
4020264
759852
3020845
30770
2775092
3045434
440382
42514494
4200514
44816450
792649
1718346
19019852
2775116
1718350
19101778
4216915
4184149
792662
4307029
4036695
792666
2775133
2103392
759908
2103396
2725990
3012708
2000025701
2000025702
137322
2000025708
46233710
40228974
19093622
194680
19126393
21493881
2742396
759933
2103420
19077247
42621055
4044931
432260
4085893
931973
4249735
2750600
432267
40163468
260246
40073373
432289
374946
374947
2726056
2775208
432302
2742448
19036337
432307
40745139
43055285
43055286
1718457
40761531
40229054
923840
4077761
440516
4077764
4020420
4020421
40220873
4159691
40237260
2726093
2726095
2750676
2767061
40229080
2742488
2726112
19028193
44505314
432354
2742497
440549
42629350
2742496
3029219
2000034026
2750702
4036846
45766897
2103537
45766905
440572
4159742
40220932
4143365
40220937
2734348
1751310
2000025877
2000025878
2000025879
4053272
21494042
19077408
40237347
2742563
40483111
194856
2783527
2726186
2103596
40065325
2103597
80175
4004146
2000034098
4094260
80182
45766970
2103612
4020540
45766974
3021117
3045696
21174594
40163650
3004739
41425224
80201
2726219
2791756
2791760
4069713
2775380
19077461
2791765
2791764
760152
42629465
4094296
4094299
4094300
4102493
792929
4266339
19126627
2750819
45775206
45767018
2791787
2750828
2791788
2791790
3012971
2742640
440689
45775217
41425266
792947
44120434
46233974
19044727
1366391
2791793
36788602
4028790
2750844
3012984
4282753
3004809
4069772
3013005
137627
2775453
36264350
2759076
432551
194985
4053417
194987
4045227
1718700
1636781
1718701
2005417
194993
4037038
793014
40221125
19077574
1309126
3045831
1636816
19093968
2103761
4151763
375258
2742751
2726370
19077607
3021288
1309161
44784106
2742763
40163826
3004915
317941
3021303
137721
1309182
4028933
4200967
43186697
40163849
2726415
440849
42482202
2759198
2005535
45775396
45775399
46275116
45775405
46275123
719416
4323902
41048640
4250176
43530819
1718855
19020361
40221261
752206
2000026191
2751060
4151893
4053591
4053592
3005018
40221276
4053597
37116513
440930
40221282
4217443
2751075
4020837
19077735
2726504
40237673
19135083
45775467
40237678
2792046
80496
2792047
2751087
4209272
40163961
2751098
4020862
4151937
19004034
440965
2742917
3037831
4266637
2751119
3005071
36526739
40163990
4340375
46275229
19036832
4340385
4102817
2734753
440998
1301158
1350311
2103976
4094637
40164013
4102833
42539698
40164020
37018292
4151990
375479
19045048
318137
2742966
2734777
2726585
2726587
432830
4102846
2005698
4307652
432844
23245
3013332
44784341
4291291
19036892
2767582
2759391
41401058
19012323
3013347
44505830
4020969
252655
4086512
40164080
432882
46275313
195317
3037942
40164088
2104061
40237822
1719041
2726659
375557
3005189
4160264
2104072
2104074
2104075
318222
2726670
4193039
3013393
703250
40041235
40164118
4324124
43531045
72487
2000026411
2000026412
1137460
72501
2743093
19102520
1760056
4086587
1112896
40483648
2743107
45775686
2000026445
46234446
2743123
19102552
4152161
2743138
45775715
3029859
2743143
2751340
2104173
1391470
2751341
2743149
4176753
2743152
2751346
1137524
4021108
31609
4299644
4119422
2775936
2751364
441223
433037
44071822
4103067
375716
3013542
4176807
433064
318382
2775983
3038126
40483761
441267
2743221
1326012
261053
1326013
1326014
46275520
3013564
4275142
2743238
2767817
42482639
19078097
2767828
4307925
433111
19078105
4324315
19127259
80862
375776
42900448
4226022
2104296
4029420
4037613
4029423
45767664
44784623
40025074
44497913
4307962
2104313
46275580
2006011
2104316
375807
4094976
19020799
46275583
43015166
43015171
72709
4094982
4185093
42482696
3013637
1506315
2006027
375823
375824
433168
19135508
252949
4250652
19037223
2767913
1776684
2759728
4054067
4095027
2104373
433208
2104378
35626043
35626044
2743356
4021310
2743360
3005504
433225
2751561
2104397
40090704
4299862
3038297
4201565
433246
2743389
760932
195685
760934
19135593
37395564
3046519
2784379
2751612
2751613
19127422
37117055
37395590
2751623
4095112
2751624
4037770
2751628
19012750
1703063
2104472
4193433
2743452
36404382
2104480
2759844
3022000
2000026803
433332
43195573
2776248
2006203
36887747
2104516
4062405
4046023
441545
4078793
4021452
19078350
2751697
2784466
2784469
2784470
2784471
376026
36895963
1334492
44055772
2784474
2784475
2784477
2784478
2784482
4218083
4119780
2006242
2784485
4103399
2104552
46234849
4119786
2784490
40492268
2768113
793843
793844
2735349
2784503
40148216
4103418
81149
46275842
2768132
3005702
793863
1154312
4119815
1326346
3005707
44808563
4029710
19127567
19070224
4136209
1391889
2104593
2104596
4070679
40762648
2727195
4095264
4218146
990499
40762663
19078440
376105
2784558
4201774
40074546
45776178
4234548
46275893
2743606
73017
23865
3013947
40058173
2104640
45776199
3005770
2000026955
441676
73041
4308306
2751826
2751827
2751829
4005205
81239
19086681
2743641
43531616
4095329
40164707
4210020
19070310
2792810
433515
40164715
2743665
4275570
2776434
195958
2104695
19086712
195961
3030394
2727298
40492422
4300166
195977
40762762
2104719
2104720
1326481
4103574
40762779
2104734
44785056
4193697
2743714
2104738
19127716
4267428
4308390
2760099
2735526
40762788
4046246
19103148
2743724
2104752
1146289
40066485
2006453
4267450
2735546
2006458
433602
43531723
1351115
3046861
441806
196047
4177362
19127762
138708
2784727
4103640
2784728
2211293
138718
2104797
2768351
4103650
46276071
1351144
441833
4218346
4210151
2735600
44506611
44506612
2211315
4234742
2760185
2211323
2727421
2760190
36879871
19021312
2727430
37019149
4046351
2752015
4300305
441874
2735634
46276116
433696
4013601
43015715
2211364
2735655
2809385
43015722
46276153
40771132
40173118
376383
4070976
4095553
4013630
19078728
376395
433740
2735694
2104912
2776660
2752085
2784855
81496
2752087
138844
2752094
40173151
2743902
2752097
2104932
4152934
4152935
3038822
40164972
2752109
433774
1310318
441968
2211438
2776687
2768496
2104943
2104948
19005046
2514550
2735738
2768508
2760317
1236609
2793091
4005508
73349
2752136
2211466
2735756
19095181
40173198
1711759
2776716
1711761
2514572
40173203
2211471
40173205
2006674
1310359
40173207
40173209
2784918
2760345
2211495
2211496
3030703
2000002736
1711792
40238770
2760370
2752181
4161208
40238779
4169403
4275902
2776767
2211520
4038336
2752195
2776772
2006734
19136207
2760400
4308690
2768597
4218581
2105047
2768599
2735832
2768602
2211545
2760414
46276319
2768606
2000027358
81634
4308707
2211552
1703653
46276326
2006752
2006754
2768616
2211560
4308715
2211562
2768620
2744046
2768623
1531633
19103480
4120314
40763130
44818173
40165118
2211584
433921
376578
40165123
2760461
2211601
2211606
2211607
991003
4161309
2735902
4136733
2211617
40173346
2752291
2752296
40173353
19078956
40173357
3006257
442162
73526
442167
4112183
3006262
2752314
4087611
4022076
40165181
2768706
4046660
1531716
442182
4308807
433992
40173384
1711947
2752332
2105164
2744144
434002
4104018
2752341
3014485
2211673
2744154
196443
4235099
2744157
40173407
2105184
2744164
2752359
35200872
2105191
2760554
2752364
2752368
434033
2752369
2776951
19062648
376698
3014524
44785533
2760574
44785535
4161415
4136842
442252
4202383
3047321
4341658
4005786
4095902
2211746
950184
3022761
2006955
3047341
3039158
36888504
40165306
3006398
36888512
36782018
2000027586
4177862
2000003015
4054983
4153292
19079120
4005840
40165340
2752477
4194271
40222688
36249569
1105889
45776867
2760675
3006447
2768880
40771569
19079154
2000003060
2768886